{
 "cells": [
  {
   "cell_type": "code",
   "execution_count": 1,
   "metadata": {},
   "outputs": [],
   "source": [
    "import pandas as pd\n",
    "import numpy as np\n",
    "import statsmodels.api as sm\n",
    "from sklearn import linear_model \n",
    "import matplotlib.pyplot as plt\n",
    "\n",
    "from sklearn.linear_model import LinearRegression\n",
    "from sklearn.model_selection import train_test_split\n",
    "from sklearn.metrics import mean_absolute_error\n",
    "import statsmodels.api as sm\n",
    "from statsmodels.tools.eval_measures import mse, rmse\n",
    "\n",
    "%matplotlib inline\n",
    "pd.options.display.float_format = '{:.3f}'.format\n",
    "\n",
    "import warnings\n",
    "warnings.filterwarnings(action= \"ignore\")"
   ]
  },
  {
   "cell_type": "markdown",
   "metadata": {},
   "source": [
    "Bu alıştırmada, modelinizi kullanarak konut fiyatlarını tahmin edeceksiniz. Bu ödevi tamamlamak için, aşağıdaki görevlerin çözümlerini içeren bir Jupyter not defterini link olarak gönderin. Kafanıza takılan konuları mentörünüzle konuşabilir ya da ofis saatinde Slack üzerinden sorabilirsiniz.\n",
    "\n",
    "1.  Fiyatları verilerini Kaggle'dan indirin.\n",
    "2. Verilerinizi eğitim ve test kümelerine ayırın.\n",
    "3. Modelinizi eğitim kümesinden önceki derste olduğu gibi oluşturun. Modelinizin uygunluğunu değerlendirin.\n",
    "4. Test kümesindeki ev fiyatlarını tahmin edin ve bu derste belirttiğimiz metrikleri kullanarak modelinizin performansını değerlendirin.\n",
    "5. Modelinizin performansı tatmin edici mi? Açıklayın.\n",
    "6. Bazı değişkenleri ekleyerek veya çıkararak modelinizi tahmin performansı açısından geliştirmeye çalışın."
   ]
  },
  {
   "cell_type": "code",
   "execution_count": 2,
   "metadata": {},
   "outputs": [],
   "source": [
    "ev_fiyatlari = pd.read_csv('data/train.csv', index_col=0)"
   ]
  },
  {
   "cell_type": "code",
   "execution_count": 3,
   "metadata": {},
   "outputs": [],
   "source": [
    "Y = ev_fiyatlari['SalePrice']\n",
    "\n",
    "X = ev_fiyatlari[['YearBuilt', 'TotRmsAbvGrd', 'FullBath' , '1stFlrSF', 'TotalBsmtSF',\n",
    "            'GarageArea', 'GarageCars', 'GrLivArea', 'OverallQual', 'YearRemodAdd']]"
   ]
  },
  {
   "cell_type": "code",
   "execution_count": 4,
   "metadata": {},
   "outputs": [
    {
     "data": {
      "text/plain": [
       "80"
      ]
     },
     "execution_count": 4,
     "metadata": {},
     "output_type": "execute_result"
    }
   ],
   "source": [
    "len(ev_fiyatlari.columns)"
   ]
  },
  {
   "cell_type": "code",
   "execution_count": 5,
   "metadata": {},
   "outputs": [
    {
     "data": {
      "text/plain": [
       "(1460, 80)"
      ]
     },
     "execution_count": 5,
     "metadata": {},
     "output_type": "execute_result"
    }
   ],
   "source": [
    "ev_fiyatlari.shape"
   ]
  },
  {
   "cell_type": "code",
   "execution_count": 6,
   "metadata": {},
   "outputs": [],
   "source": [
    "#SADECE NUMERIK DATAYI ALMAK ICIN \n",
    "\n",
    "ev_fiyatlari_num = ev_fiyatlari._get_numeric_data() "
   ]
  },
  {
   "cell_type": "code",
   "execution_count": 7,
   "metadata": {},
   "outputs": [],
   "source": [
    "#bosluk olan satirin hepsini dusurduk\n",
    "ev_fiyatlari_dropped = ev_fiyatlari.dropna()"
   ]
  },
  {
   "cell_type": "code",
   "execution_count": 8,
   "metadata": {},
   "outputs": [
    {
     "data": {
      "text/plain": [
       "MSSubClass       0\n",
       "MSZoning         0\n",
       "LotFrontage      0\n",
       "LotArea          0\n",
       "Street           0\n",
       "Alley            0\n",
       "LotShape         0\n",
       "LandContour      0\n",
       "Utilities        0\n",
       "LotConfig        0\n",
       "LandSlope        0\n",
       "Neighborhood     0\n",
       "Condition1       0\n",
       "Condition2       0\n",
       "BldgType         0\n",
       "HouseStyle       0\n",
       "OverallQual      0\n",
       "OverallCond      0\n",
       "YearBuilt        0\n",
       "YearRemodAdd     0\n",
       "RoofStyle        0\n",
       "RoofMatl         0\n",
       "Exterior1st      0\n",
       "Exterior2nd      0\n",
       "MasVnrType       0\n",
       "MasVnrArea       0\n",
       "ExterQual        0\n",
       "ExterCond        0\n",
       "Foundation       0\n",
       "BsmtQual         0\n",
       "                ..\n",
       "BedroomAbvGr     0\n",
       "KitchenAbvGr     0\n",
       "KitchenQual      0\n",
       "TotRmsAbvGrd     0\n",
       "Functional       0\n",
       "Fireplaces       0\n",
       "FireplaceQu      0\n",
       "GarageType       0\n",
       "GarageYrBlt      0\n",
       "GarageFinish     0\n",
       "GarageCars       0\n",
       "GarageArea       0\n",
       "GarageQual       0\n",
       "GarageCond       0\n",
       "PavedDrive       0\n",
       "WoodDeckSF       0\n",
       "OpenPorchSF      0\n",
       "EnclosedPorch    0\n",
       "3SsnPorch        0\n",
       "ScreenPorch      0\n",
       "PoolArea         0\n",
       "PoolQC           0\n",
       "Fence            0\n",
       "MiscFeature      0\n",
       "MiscVal          0\n",
       "MoSold           0\n",
       "YrSold           0\n",
       "SaleType         0\n",
       "SaleCondition    0\n",
       "SalePrice        0\n",
       "Length: 80, dtype: int64"
      ]
     },
     "execution_count": 8,
     "metadata": {},
     "output_type": "execute_result"
    }
   ],
   "source": [
    "ev_fiyatlari_dropped.isnull().sum() "
   ]
  },
  {
   "cell_type": "code",
   "execution_count": 9,
   "metadata": {},
   "outputs": [
    {
     "data": {
      "text/plain": [
       "(0, 80)"
      ]
     },
     "execution_count": 9,
     "metadata": {},
     "output_type": "execute_result"
    }
   ],
   "source": [
    "ev_fiyatlari_dropped.shape"
   ]
  },
  {
   "cell_type": "markdown",
   "metadata": {},
   "source": [
    "Veri setinden drop ile cikan satirlar tum verilerin kaybina yol acti. \n",
    "Bu yuzden ilk veri setinden devam ediyoruz. \n"
   ]
  },
  {
   "cell_type": "code",
   "execution_count": 10,
   "metadata": {},
   "outputs": [
    {
     "data": {
      "text/html": [
       "<div>\n",
       "<style scoped>\n",
       "    .dataframe tbody tr th:only-of-type {\n",
       "        vertical-align: middle;\n",
       "    }\n",
       "\n",
       "    .dataframe tbody tr th {\n",
       "        vertical-align: top;\n",
       "    }\n",
       "\n",
       "    .dataframe thead th {\n",
       "        text-align: right;\n",
       "    }\n",
       "</style>\n",
       "<table border=\"1\" class=\"dataframe\">\n",
       "  <thead>\n",
       "    <tr style=\"text-align: right;\">\n",
       "      <th></th>\n",
       "      <th>Total</th>\n",
       "      <th>Percent</th>\n",
       "    </tr>\n",
       "  </thead>\n",
       "  <tbody>\n",
       "    <tr>\n",
       "      <th>PoolQC</th>\n",
       "      <td>1453</td>\n",
       "      <td>0.995</td>\n",
       "    </tr>\n",
       "    <tr>\n",
       "      <th>MiscFeature</th>\n",
       "      <td>1406</td>\n",
       "      <td>0.963</td>\n",
       "    </tr>\n",
       "    <tr>\n",
       "      <th>Alley</th>\n",
       "      <td>1369</td>\n",
       "      <td>0.938</td>\n",
       "    </tr>\n",
       "    <tr>\n",
       "      <th>Fence</th>\n",
       "      <td>1179</td>\n",
       "      <td>0.808</td>\n",
       "    </tr>\n",
       "    <tr>\n",
       "      <th>FireplaceQu</th>\n",
       "      <td>690</td>\n",
       "      <td>0.473</td>\n",
       "    </tr>\n",
       "    <tr>\n",
       "      <th>LotFrontage</th>\n",
       "      <td>259</td>\n",
       "      <td>0.177</td>\n",
       "    </tr>\n",
       "    <tr>\n",
       "      <th>GarageType</th>\n",
       "      <td>81</td>\n",
       "      <td>0.055</td>\n",
       "    </tr>\n",
       "    <tr>\n",
       "      <th>GarageCond</th>\n",
       "      <td>81</td>\n",
       "      <td>0.055</td>\n",
       "    </tr>\n",
       "    <tr>\n",
       "      <th>GarageFinish</th>\n",
       "      <td>81</td>\n",
       "      <td>0.055</td>\n",
       "    </tr>\n",
       "    <tr>\n",
       "      <th>GarageQual</th>\n",
       "      <td>81</td>\n",
       "      <td>0.055</td>\n",
       "    </tr>\n",
       "    <tr>\n",
       "      <th>GarageYrBlt</th>\n",
       "      <td>81</td>\n",
       "      <td>0.055</td>\n",
       "    </tr>\n",
       "    <tr>\n",
       "      <th>BsmtFinType2</th>\n",
       "      <td>38</td>\n",
       "      <td>0.026</td>\n",
       "    </tr>\n",
       "    <tr>\n",
       "      <th>BsmtExposure</th>\n",
       "      <td>38</td>\n",
       "      <td>0.026</td>\n",
       "    </tr>\n",
       "    <tr>\n",
       "      <th>BsmtQual</th>\n",
       "      <td>37</td>\n",
       "      <td>0.025</td>\n",
       "    </tr>\n",
       "    <tr>\n",
       "      <th>BsmtCond</th>\n",
       "      <td>37</td>\n",
       "      <td>0.025</td>\n",
       "    </tr>\n",
       "    <tr>\n",
       "      <th>BsmtFinType1</th>\n",
       "      <td>37</td>\n",
       "      <td>0.025</td>\n",
       "    </tr>\n",
       "    <tr>\n",
       "      <th>MasVnrArea</th>\n",
       "      <td>8</td>\n",
       "      <td>0.005</td>\n",
       "    </tr>\n",
       "    <tr>\n",
       "      <th>MasVnrType</th>\n",
       "      <td>8</td>\n",
       "      <td>0.005</td>\n",
       "    </tr>\n",
       "    <tr>\n",
       "      <th>Electrical</th>\n",
       "      <td>1</td>\n",
       "      <td>0.001</td>\n",
       "    </tr>\n",
       "  </tbody>\n",
       "</table>\n",
       "</div>"
      ],
      "text/plain": [
       "              Total  Percent\n",
       "PoolQC         1453    0.995\n",
       "MiscFeature    1406    0.963\n",
       "Alley          1369    0.938\n",
       "Fence          1179    0.808\n",
       "FireplaceQu     690    0.473\n",
       "LotFrontage     259    0.177\n",
       "GarageType       81    0.055\n",
       "GarageCond       81    0.055\n",
       "GarageFinish     81    0.055\n",
       "GarageQual       81    0.055\n",
       "GarageYrBlt      81    0.055\n",
       "BsmtFinType2     38    0.026\n",
       "BsmtExposure     38    0.026\n",
       "BsmtQual         37    0.025\n",
       "BsmtCond         37    0.025\n",
       "BsmtFinType1     37    0.025\n",
       "MasVnrArea        8    0.005\n",
       "MasVnrType        8    0.005\n",
       "Electrical        1    0.001"
      ]
     },
     "execution_count": 10,
     "metadata": {},
     "output_type": "execute_result"
    }
   ],
   "source": [
    "total = ev_fiyatlari.isnull().sum().sort_values(ascending=False)\n",
    "percent = (ev_fiyatlari.isnull().sum()/ev_fiyatlari.isnull().count()).sort_values(ascending=False)\n",
    "missing_data = pd.concat([total, percent], axis=1, keys=['Total', 'Percent'])\n",
    "missing_data[missing_data.Total>0]"
   ]
  },
  {
   "cell_type": "code",
   "execution_count": 11,
   "metadata": {
    "scrolled": true
   },
   "outputs": [],
   "source": [
    "ev_fiyatlari_dropped_na = ev_fiyatlari.copy()\n",
    "\n",
    "ev_fiyatlari = ev_fiyatlari.drop((missing_data[missing_data['Total'] > 1]).index, axis =1)\n",
    "ev_fiyatlari = ev_fiyatlari.drop(ev_fiyatlari.loc[ev_fiyatlari['Electrical'].isnull()].index)"
   ]
  },
  {
   "cell_type": "code",
   "execution_count": 12,
   "metadata": {},
   "outputs": [],
   "source": [
    "ev_fiyatlari_num_na = ev_fiyatlari._get_numeric_data() "
   ]
  },
  {
   "cell_type": "code",
   "execution_count": 13,
   "metadata": {},
   "outputs": [
    {
     "data": {
      "text/plain": [
       "(1459, 34)"
      ]
     },
     "execution_count": 13,
     "metadata": {},
     "output_type": "execute_result"
    }
   ],
   "source": [
    "ev_fiyatlari_num_na.shape"
   ]
  },
  {
   "cell_type": "code",
   "execution_count": 14,
   "metadata": {},
   "outputs": [],
   "source": [
    "#abs ile mutlak degerlerin eklenmesi \n",
    "corr_list = ev_fiyatlari_num_na.corr().SalePrice.abs().sort_values(ascending = False).index[1:]  #sales price eklenmesin yeniden listeye diye"
   ]
  },
  {
   "cell_type": "code",
   "execution_count": 15,
   "metadata": {},
   "outputs": [
    {
     "data": {
      "text/plain": [
       "Index(['OverallQual', 'GrLivArea', 'GarageCars', 'GarageArea', 'TotalBsmtSF',\n",
       "       '1stFlrSF', 'FullBath', 'TotRmsAbvGrd', 'YearBuilt', 'YearRemodAdd',\n",
       "       'Fireplaces', 'BsmtFinSF1', 'WoodDeckSF', '2ndFlrSF', 'OpenPorchSF',\n",
       "       'HalfBath', 'LotArea', 'BsmtFullBath', 'BsmtUnfSF', 'BedroomAbvGr',\n",
       "       'KitchenAbvGr', 'EnclosedPorch', 'ScreenPorch', 'PoolArea',\n",
       "       'MSSubClass', 'OverallCond', 'MoSold', '3SsnPorch', 'YrSold',\n",
       "       'LowQualFinSF', 'MiscVal', 'BsmtHalfBath', 'BsmtFinSF2'],\n",
       "      dtype='object')"
      ]
     },
     "execution_count": 15,
     "metadata": {},
     "output_type": "execute_result"
    }
   ],
   "source": [
    "corr_list"
   ]
  },
  {
   "cell_type": "code",
   "execution_count": 16,
   "metadata": {},
   "outputs": [],
   "source": [
    "y_AllValues_afterDropped = ev_fiyatlari_num_na['SalePrice'] \n",
    "X_AllValues_afterDropped = ev_fiyatlari_num_na[corr_list]"
   ]
  },
  {
   "cell_type": "code",
   "execution_count": 17,
   "metadata": {},
   "outputs": [
    {
     "name": "stdout",
     "output_type": "stream",
     "text": [
      "Eğitim kümesindeki gözlem sayısı : 1167\n",
      "Test kümesindeki gözlem sayısı   : 292\n"
     ]
    }
   ],
   "source": [
    "X_train, X_test, y_train, y_test = train_test_split(X_AllValues_afterDropped, y_AllValues_afterDropped, test_size = 0.2, random_state = 500)\n",
    "\n",
    "print(\"Eğitim kümesindeki gözlem sayısı : {}\".format(X_train.shape[0]))\n",
    "print(\"Test kümesindeki gözlem sayısı   : {}\".format(X_test.shape[0]))"
   ]
  },
  {
   "cell_type": "code",
   "execution_count": 18,
   "metadata": {},
   "outputs": [
    {
     "data": {
      "text/html": [
       "<table class=\"simpletable\">\n",
       "<caption>OLS Regression Results</caption>\n",
       "<tr>\n",
       "  <th>Dep. Variable:</th>        <td>SalePrice</td>    <th>  R-squared:         </th> <td>   0.799</td> \n",
       "</tr>\n",
       "<tr>\n",
       "  <th>Model:</th>                   <td>OLS</td>       <th>  Adj. R-squared:    </th> <td>   0.794</td> \n",
       "</tr>\n",
       "<tr>\n",
       "  <th>Method:</th>             <td>Least Squares</td>  <th>  F-statistic:       </th> <td>   146.0</td> \n",
       "</tr>\n",
       "<tr>\n",
       "  <th>Date:</th>             <td>Mon, 22 Apr 2019</td> <th>  Prob (F-statistic):</th>  <td>  0.00</td>  \n",
       "</tr>\n",
       "<tr>\n",
       "  <th>Time:</th>                 <td>22:27:45</td>     <th>  Log-Likelihood:    </th> <td> -13904.</td> \n",
       "</tr>\n",
       "<tr>\n",
       "  <th>No. Observations:</th>      <td>  1167</td>      <th>  AIC:               </th> <td>2.787e+04</td>\n",
       "</tr>\n",
       "<tr>\n",
       "  <th>Df Residuals:</th>          <td>  1135</td>      <th>  BIC:               </th> <td>2.803e+04</td>\n",
       "</tr>\n",
       "<tr>\n",
       "  <th>Df Model:</th>              <td>    31</td>      <th>                     </th>     <td> </td>    \n",
       "</tr>\n",
       "<tr>\n",
       "  <th>Covariance Type:</th>      <td>nonrobust</td>    <th>                     </th>     <td> </td>    \n",
       "</tr>\n",
       "</table>\n",
       "<table class=\"simpletable\">\n",
       "<tr>\n",
       "        <td></td>           <th>coef</th>     <th>std err</th>      <th>t</th>      <th>P>|t|</th>  <th>[0.025</th>    <th>0.975]</th>  \n",
       "</tr>\n",
       "<tr>\n",
       "  <th>const</th>         <td> 6.322e+05</td> <td> 1.66e+06</td> <td>    0.380</td> <td> 0.704</td> <td>-2.63e+06</td> <td>  3.9e+06</td>\n",
       "</tr>\n",
       "<tr>\n",
       "  <th>OverallQual</th>   <td> 1.811e+04</td> <td> 1387.986</td> <td>   13.045</td> <td> 0.000</td> <td> 1.54e+04</td> <td> 2.08e+04</td>\n",
       "</tr>\n",
       "<tr>\n",
       "  <th>GrLivArea</th>     <td>   27.4365</td> <td>    7.054</td> <td>    3.889</td> <td> 0.000</td> <td>   13.596</td> <td>   41.277</td>\n",
       "</tr>\n",
       "<tr>\n",
       "  <th>GarageCars</th>    <td> 1.187e+04</td> <td> 3396.804</td> <td>    3.494</td> <td> 0.000</td> <td> 5202.974</td> <td> 1.85e+04</td>\n",
       "</tr>\n",
       "<tr>\n",
       "  <th>GarageArea</th>    <td>   -4.4580</td> <td>   11.471</td> <td>   -0.389</td> <td> 0.698</td> <td>  -26.965</td> <td>   18.049</td>\n",
       "</tr>\n",
       "<tr>\n",
       "  <th>TotalBsmtSF</th>   <td>   10.3438</td> <td>    3.987</td> <td>    2.594</td> <td> 0.010</td> <td>    2.521</td> <td>   18.167</td>\n",
       "</tr>\n",
       "<tr>\n",
       "  <th>1stFlrSF</th>      <td>   17.0746</td> <td>    7.450</td> <td>    2.292</td> <td> 0.022</td> <td>    2.458</td> <td>   31.692</td>\n",
       "</tr>\n",
       "<tr>\n",
       "  <th>FullBath</th>      <td> 4553.8989</td> <td> 3346.675</td> <td>    1.361</td> <td> 0.174</td> <td>-2012.465</td> <td> 1.11e+04</td>\n",
       "</tr>\n",
       "<tr>\n",
       "  <th>TotRmsAbvGrd</th>  <td> 5973.4093</td> <td> 1456.743</td> <td>    4.101</td> <td> 0.000</td> <td> 3115.197</td> <td> 8831.622</td>\n",
       "</tr>\n",
       "<tr>\n",
       "  <th>YearBuilt</th>     <td>  345.1552</td> <td>   73.889</td> <td>    4.671</td> <td> 0.000</td> <td>  200.181</td> <td>  490.129</td>\n",
       "</tr>\n",
       "<tr>\n",
       "  <th>YearRemodAdd</th>  <td>  147.2877</td> <td>   78.570</td> <td>    1.875</td> <td> 0.061</td> <td>   -6.871</td> <td>  301.447</td>\n",
       "</tr>\n",
       "<tr>\n",
       "  <th>Fireplaces</th>    <td> 3552.6717</td> <td> 2098.438</td> <td>    1.693</td> <td> 0.091</td> <td> -564.581</td> <td> 7669.925</td>\n",
       "</tr>\n",
       "<tr>\n",
       "  <th>BsmtFinSF1</th>    <td>    9.7549</td> <td>    2.880</td> <td>    3.387</td> <td> 0.001</td> <td>    4.104</td> <td>   15.406</td>\n",
       "</tr>\n",
       "<tr>\n",
       "  <th>WoodDeckSF</th>    <td>   27.1088</td> <td>    9.434</td> <td>    2.874</td> <td> 0.004</td> <td>    8.600</td> <td>   45.618</td>\n",
       "</tr>\n",
       "<tr>\n",
       "  <th>2ndFlrSF</th>      <td>   20.8706</td> <td>    6.798</td> <td>    3.070</td> <td> 0.002</td> <td>    7.532</td> <td>   34.209</td>\n",
       "</tr>\n",
       "<tr>\n",
       "  <th>OpenPorchSF</th>   <td>  -20.6027</td> <td>   18.009</td> <td>   -1.144</td> <td> 0.253</td> <td>  -55.936</td> <td>   14.731</td>\n",
       "</tr>\n",
       "<tr>\n",
       "  <th>HalfBath</th>      <td>   23.4132</td> <td> 3188.818</td> <td>    0.007</td> <td> 0.994</td> <td>-6233.227</td> <td> 6280.053</td>\n",
       "</tr>\n",
       "<tr>\n",
       "  <th>LotArea</th>       <td>    0.4059</td> <td>    0.120</td> <td>    3.395</td> <td> 0.001</td> <td>    0.171</td> <td>    0.641</td>\n",
       "</tr>\n",
       "<tr>\n",
       "  <th>BsmtFullBath</th>  <td> 1.108e+04</td> <td> 3023.598</td> <td>    3.665</td> <td> 0.000</td> <td> 5147.982</td> <td>  1.7e+04</td>\n",
       "</tr>\n",
       "<tr>\n",
       "  <th>BsmtUnfSF</th>     <td>    2.2319</td> <td>    2.794</td> <td>    0.799</td> <td> 0.425</td> <td>   -3.249</td> <td>    7.713</td>\n",
       "</tr>\n",
       "<tr>\n",
       "  <th>BedroomAbvGr</th>  <td>-1.102e+04</td> <td> 2043.861</td> <td>   -5.392</td> <td> 0.000</td> <td> -1.5e+04</td> <td>-7010.883</td>\n",
       "</tr>\n",
       "<tr>\n",
       "  <th>KitchenAbvGr</th>  <td>-1.133e+04</td> <td> 6344.295</td> <td>   -1.786</td> <td> 0.074</td> <td>-2.38e+04</td> <td> 1113.936</td>\n",
       "</tr>\n",
       "<tr>\n",
       "  <th>EnclosedPorch</th> <td>    9.3737</td> <td>   19.711</td> <td>    0.476</td> <td> 0.634</td> <td>  -29.300</td> <td>   48.047</td>\n",
       "</tr>\n",
       "<tr>\n",
       "  <th>ScreenPorch</th>   <td>   83.9343</td> <td>   20.994</td> <td>    3.998</td> <td> 0.000</td> <td>   42.743</td> <td>  125.126</td>\n",
       "</tr>\n",
       "<tr>\n",
       "  <th>PoolArea</th>      <td>  -70.5121</td> <td>   28.934</td> <td>   -2.437</td> <td> 0.015</td> <td> -127.283</td> <td>  -13.741</td>\n",
       "</tr>\n",
       "<tr>\n",
       "  <th>MSSubClass</th>    <td> -177.2420</td> <td>   30.502</td> <td>   -5.811</td> <td> 0.000</td> <td> -237.089</td> <td> -117.395</td>\n",
       "</tr>\n",
       "<tr>\n",
       "  <th>OverallCond</th>   <td> 4233.9558</td> <td> 1177.719</td> <td>    3.595</td> <td> 0.000</td> <td> 1923.205</td> <td> 6544.706</td>\n",
       "</tr>\n",
       "<tr>\n",
       "  <th>MoSold</th>        <td> -198.8863</td> <td>  406.296</td> <td>   -0.490</td> <td> 0.625</td> <td> -996.062</td> <td>  598.289</td>\n",
       "</tr>\n",
       "<tr>\n",
       "  <th>3SsnPorch</th>     <td>    2.6431</td> <td>   48.162</td> <td>    0.055</td> <td> 0.956</td> <td>  -91.853</td> <td>   97.139</td>\n",
       "</tr>\n",
       "<tr>\n",
       "  <th>YrSold</th>        <td> -830.3528</td> <td>  825.541</td> <td>   -1.006</td> <td> 0.315</td> <td>-2450.111</td> <td>  789.406</td>\n",
       "</tr>\n",
       "<tr>\n",
       "  <th>LowQualFinSF</th>  <td>  -10.5087</td> <td>   18.277</td> <td>   -0.575</td> <td> 0.565</td> <td>  -46.370</td> <td>   25.352</td>\n",
       "</tr>\n",
       "<tr>\n",
       "  <th>MiscVal</th>       <td>   -2.9795</td> <td>    3.486</td> <td>   -0.855</td> <td> 0.393</td> <td>   -9.820</td> <td>    3.861</td>\n",
       "</tr>\n",
       "<tr>\n",
       "  <th>BsmtHalfBath</th>  <td> 5769.4732</td> <td> 4763.171</td> <td>    1.211</td> <td> 0.226</td> <td>-3576.136</td> <td> 1.51e+04</td>\n",
       "</tr>\n",
       "<tr>\n",
       "  <th>BsmtFinSF2</th>    <td>   -1.6430</td> <td>    5.115</td> <td>   -0.321</td> <td> 0.748</td> <td>  -11.679</td> <td>    8.393</td>\n",
       "</tr>\n",
       "</table>\n",
       "<table class=\"simpletable\">\n",
       "<tr>\n",
       "  <th>Omnibus:</th>       <td>376.622</td> <th>  Durbin-Watson:     </th> <td>   1.947</td> \n",
       "</tr>\n",
       "<tr>\n",
       "  <th>Prob(Omnibus):</th> <td> 0.000</td>  <th>  Jarque-Bera (JB):  </th> <td>61690.250</td>\n",
       "</tr>\n",
       "<tr>\n",
       "  <th>Skew:</th>          <td>-0.160</td>  <th>  Prob(JB):          </th> <td>    0.00</td> \n",
       "</tr>\n",
       "<tr>\n",
       "  <th>Kurtosis:</th>      <td>38.617</td>  <th>  Cond. No.          </th> <td>1.31e+16</td> \n",
       "</tr>\n",
       "</table><br/><br/>Warnings:<br/>[1] Standard Errors assume that the covariance matrix of the errors is correctly specified.<br/>[2] The smallest eigenvalue is 1.51e-21. This might indicate that there are<br/>strong multicollinearity problems or that the design matrix is singular."
      ],
      "text/plain": [
       "<class 'statsmodels.iolib.summary.Summary'>\n",
       "\"\"\"\n",
       "                            OLS Regression Results                            \n",
       "==============================================================================\n",
       "Dep. Variable:              SalePrice   R-squared:                       0.799\n",
       "Model:                            OLS   Adj. R-squared:                  0.794\n",
       "Method:                 Least Squares   F-statistic:                     146.0\n",
       "Date:                Mon, 22 Apr 2019   Prob (F-statistic):               0.00\n",
       "Time:                        22:27:45   Log-Likelihood:                -13904.\n",
       "No. Observations:                1167   AIC:                         2.787e+04\n",
       "Df Residuals:                    1135   BIC:                         2.803e+04\n",
       "Df Model:                          31                                         \n",
       "Covariance Type:            nonrobust                                         \n",
       "=================================================================================\n",
       "                    coef    std err          t      P>|t|      [0.025      0.975]\n",
       "---------------------------------------------------------------------------------\n",
       "const          6.322e+05   1.66e+06      0.380      0.704   -2.63e+06     3.9e+06\n",
       "OverallQual    1.811e+04   1387.986     13.045      0.000    1.54e+04    2.08e+04\n",
       "GrLivArea        27.4365      7.054      3.889      0.000      13.596      41.277\n",
       "GarageCars     1.187e+04   3396.804      3.494      0.000    5202.974    1.85e+04\n",
       "GarageArea       -4.4580     11.471     -0.389      0.698     -26.965      18.049\n",
       "TotalBsmtSF      10.3438      3.987      2.594      0.010       2.521      18.167\n",
       "1stFlrSF         17.0746      7.450      2.292      0.022       2.458      31.692\n",
       "FullBath       4553.8989   3346.675      1.361      0.174   -2012.465    1.11e+04\n",
       "TotRmsAbvGrd   5973.4093   1456.743      4.101      0.000    3115.197    8831.622\n",
       "YearBuilt       345.1552     73.889      4.671      0.000     200.181     490.129\n",
       "YearRemodAdd    147.2877     78.570      1.875      0.061      -6.871     301.447\n",
       "Fireplaces     3552.6717   2098.438      1.693      0.091    -564.581    7669.925\n",
       "BsmtFinSF1        9.7549      2.880      3.387      0.001       4.104      15.406\n",
       "WoodDeckSF       27.1088      9.434      2.874      0.004       8.600      45.618\n",
       "2ndFlrSF         20.8706      6.798      3.070      0.002       7.532      34.209\n",
       "OpenPorchSF     -20.6027     18.009     -1.144      0.253     -55.936      14.731\n",
       "HalfBath         23.4132   3188.818      0.007      0.994   -6233.227    6280.053\n",
       "LotArea           0.4059      0.120      3.395      0.001       0.171       0.641\n",
       "BsmtFullBath   1.108e+04   3023.598      3.665      0.000    5147.982     1.7e+04\n",
       "BsmtUnfSF         2.2319      2.794      0.799      0.425      -3.249       7.713\n",
       "BedroomAbvGr  -1.102e+04   2043.861     -5.392      0.000    -1.5e+04   -7010.883\n",
       "KitchenAbvGr  -1.133e+04   6344.295     -1.786      0.074   -2.38e+04    1113.936\n",
       "EnclosedPorch     9.3737     19.711      0.476      0.634     -29.300      48.047\n",
       "ScreenPorch      83.9343     20.994      3.998      0.000      42.743     125.126\n",
       "PoolArea        -70.5121     28.934     -2.437      0.015    -127.283     -13.741\n",
       "MSSubClass     -177.2420     30.502     -5.811      0.000    -237.089    -117.395\n",
       "OverallCond    4233.9558   1177.719      3.595      0.000    1923.205    6544.706\n",
       "MoSold         -198.8863    406.296     -0.490      0.625    -996.062     598.289\n",
       "3SsnPorch         2.6431     48.162      0.055      0.956     -91.853      97.139\n",
       "YrSold         -830.3528    825.541     -1.006      0.315   -2450.111     789.406\n",
       "LowQualFinSF    -10.5087     18.277     -0.575      0.565     -46.370      25.352\n",
       "MiscVal          -2.9795      3.486     -0.855      0.393      -9.820       3.861\n",
       "BsmtHalfBath   5769.4732   4763.171      1.211      0.226   -3576.136    1.51e+04\n",
       "BsmtFinSF2       -1.6430      5.115     -0.321      0.748     -11.679       8.393\n",
       "==============================================================================\n",
       "Omnibus:                      376.622   Durbin-Watson:                   1.947\n",
       "Prob(Omnibus):                  0.000   Jarque-Bera (JB):            61690.250\n",
       "Skew:                          -0.160   Prob(JB):                         0.00\n",
       "Kurtosis:                      38.617   Cond. No.                     1.31e+16\n",
       "==============================================================================\n",
       "\n",
       "Warnings:\n",
       "[1] Standard Errors assume that the covariance matrix of the errors is correctly specified.\n",
       "[2] The smallest eigenvalue is 1.51e-21. This might indicate that there are\n",
       "strong multicollinearity problems or that the design matrix is singular.\n",
       "\"\"\""
      ]
     },
     "execution_count": 18,
     "metadata": {},
     "output_type": "execute_result"
    }
   ],
   "source": [
    "X_train = sm.add_constant(X_train)\n",
    "\n",
    "tum_degiskenli_model = sm.OLS(y_train, X_train).fit()\n",
    "\n",
    "tum_degiskenli_model.summary()"
   ]
  },
  {
   "cell_type": "code",
   "execution_count": 19,
   "metadata": {},
   "outputs": [],
   "source": [
    "#Ayni islemi Sales Pice degerlerini drop ile dusurerek de yapabilirdik. \n",
    "\n",
    "y_with_drop = ev_fiyatlari_num_na['SalePrice'] \n",
    "X_with_drop = ev_fiyatlari_num_na.drop('SalePrice', axis =1)"
   ]
  },
  {
   "cell_type": "code",
   "execution_count": 20,
   "metadata": {},
   "outputs": [
    {
     "name": "stdout",
     "output_type": "stream",
     "text": [
      "Eğitim kümesindeki gözlem sayısı : 1167\n",
      "Test kümesindeki gözlem sayısı   : 292\n"
     ]
    }
   ],
   "source": [
    "X_train, X_test, y_train, y_test = train_test_split(X_with_drop, y_with_drop, test_size = 0.2, random_state = 500)\n",
    "\n",
    "print(\"Eğitim kümesindeki gözlem sayısı : {}\".format(X_train.shape[0]))\n",
    "print(\"Test kümesindeki gözlem sayısı   : {}\".format(X_test.shape[0]))"
   ]
  },
  {
   "cell_type": "code",
   "execution_count": 21,
   "metadata": {},
   "outputs": [
    {
     "data": {
      "text/html": [
       "<table class=\"simpletable\">\n",
       "<caption>OLS Regression Results</caption>\n",
       "<tr>\n",
       "  <th>Dep. Variable:</th>        <td>SalePrice</td>    <th>  R-squared:         </th> <td>   0.799</td> \n",
       "</tr>\n",
       "<tr>\n",
       "  <th>Model:</th>                   <td>OLS</td>       <th>  Adj. R-squared:    </th> <td>   0.794</td> \n",
       "</tr>\n",
       "<tr>\n",
       "  <th>Method:</th>             <td>Least Squares</td>  <th>  F-statistic:       </th> <td>   146.0</td> \n",
       "</tr>\n",
       "<tr>\n",
       "  <th>Date:</th>             <td>Mon, 22 Apr 2019</td> <th>  Prob (F-statistic):</th>  <td>  0.00</td>  \n",
       "</tr>\n",
       "<tr>\n",
       "  <th>Time:</th>                 <td>22:27:45</td>     <th>  Log-Likelihood:    </th> <td> -13904.</td> \n",
       "</tr>\n",
       "<tr>\n",
       "  <th>No. Observations:</th>      <td>  1167</td>      <th>  AIC:               </th> <td>2.787e+04</td>\n",
       "</tr>\n",
       "<tr>\n",
       "  <th>Df Residuals:</th>          <td>  1135</td>      <th>  BIC:               </th> <td>2.803e+04</td>\n",
       "</tr>\n",
       "<tr>\n",
       "  <th>Df Model:</th>              <td>    31</td>      <th>                     </th>     <td> </td>    \n",
       "</tr>\n",
       "<tr>\n",
       "  <th>Covariance Type:</th>      <td>nonrobust</td>    <th>                     </th>     <td> </td>    \n",
       "</tr>\n",
       "</table>\n",
       "<table class=\"simpletable\">\n",
       "<tr>\n",
       "        <td></td>           <th>coef</th>     <th>std err</th>      <th>t</th>      <th>P>|t|</th>  <th>[0.025</th>    <th>0.975]</th>  \n",
       "</tr>\n",
       "<tr>\n",
       "  <th>const</th>         <td> 6.322e+05</td> <td> 1.66e+06</td> <td>    0.380</td> <td> 0.704</td> <td>-2.63e+06</td> <td>  3.9e+06</td>\n",
       "</tr>\n",
       "<tr>\n",
       "  <th>MSSubClass</th>    <td> -177.2420</td> <td>   30.502</td> <td>   -5.811</td> <td> 0.000</td> <td> -237.089</td> <td> -117.395</td>\n",
       "</tr>\n",
       "<tr>\n",
       "  <th>LotArea</th>       <td>    0.4059</td> <td>    0.120</td> <td>    3.395</td> <td> 0.001</td> <td>    0.171</td> <td>    0.641</td>\n",
       "</tr>\n",
       "<tr>\n",
       "  <th>OverallQual</th>   <td> 1.811e+04</td> <td> 1387.986</td> <td>   13.045</td> <td> 0.000</td> <td> 1.54e+04</td> <td> 2.08e+04</td>\n",
       "</tr>\n",
       "<tr>\n",
       "  <th>OverallCond</th>   <td> 4233.9558</td> <td> 1177.719</td> <td>    3.595</td> <td> 0.000</td> <td> 1923.205</td> <td> 6544.706</td>\n",
       "</tr>\n",
       "<tr>\n",
       "  <th>YearBuilt</th>     <td>  345.1552</td> <td>   73.889</td> <td>    4.671</td> <td> 0.000</td> <td>  200.181</td> <td>  490.129</td>\n",
       "</tr>\n",
       "<tr>\n",
       "  <th>YearRemodAdd</th>  <td>  147.2877</td> <td>   78.570</td> <td>    1.875</td> <td> 0.061</td> <td>   -6.871</td> <td>  301.447</td>\n",
       "</tr>\n",
       "<tr>\n",
       "  <th>BsmtFinSF1</th>    <td>    9.7549</td> <td>    2.880</td> <td>    3.387</td> <td> 0.001</td> <td>    4.104</td> <td>   15.406</td>\n",
       "</tr>\n",
       "<tr>\n",
       "  <th>BsmtFinSF2</th>    <td>   -1.6430</td> <td>    5.115</td> <td>   -0.321</td> <td> 0.748</td> <td>  -11.679</td> <td>    8.393</td>\n",
       "</tr>\n",
       "<tr>\n",
       "  <th>BsmtUnfSF</th>     <td>    2.2319</td> <td>    2.794</td> <td>    0.799</td> <td> 0.425</td> <td>   -3.249</td> <td>    7.713</td>\n",
       "</tr>\n",
       "<tr>\n",
       "  <th>TotalBsmtSF</th>   <td>   10.3438</td> <td>    3.987</td> <td>    2.594</td> <td> 0.010</td> <td>    2.521</td> <td>   18.167</td>\n",
       "</tr>\n",
       "<tr>\n",
       "  <th>1stFlrSF</th>      <td>   17.0746</td> <td>    7.450</td> <td>    2.292</td> <td> 0.022</td> <td>    2.458</td> <td>   31.692</td>\n",
       "</tr>\n",
       "<tr>\n",
       "  <th>2ndFlrSF</th>      <td>   20.8706</td> <td>    6.798</td> <td>    3.070</td> <td> 0.002</td> <td>    7.532</td> <td>   34.209</td>\n",
       "</tr>\n",
       "<tr>\n",
       "  <th>LowQualFinSF</th>  <td>  -10.5087</td> <td>   18.277</td> <td>   -0.575</td> <td> 0.565</td> <td>  -46.370</td> <td>   25.352</td>\n",
       "</tr>\n",
       "<tr>\n",
       "  <th>GrLivArea</th>     <td>   27.4365</td> <td>    7.054</td> <td>    3.889</td> <td> 0.000</td> <td>   13.596</td> <td>   41.277</td>\n",
       "</tr>\n",
       "<tr>\n",
       "  <th>BsmtFullBath</th>  <td> 1.108e+04</td> <td> 3023.598</td> <td>    3.665</td> <td> 0.000</td> <td> 5147.982</td> <td>  1.7e+04</td>\n",
       "</tr>\n",
       "<tr>\n",
       "  <th>BsmtHalfBath</th>  <td> 5769.4732</td> <td> 4763.171</td> <td>    1.211</td> <td> 0.226</td> <td>-3576.136</td> <td> 1.51e+04</td>\n",
       "</tr>\n",
       "<tr>\n",
       "  <th>FullBath</th>      <td> 4553.8989</td> <td> 3346.675</td> <td>    1.361</td> <td> 0.174</td> <td>-2012.465</td> <td> 1.11e+04</td>\n",
       "</tr>\n",
       "<tr>\n",
       "  <th>HalfBath</th>      <td>   23.4132</td> <td> 3188.818</td> <td>    0.007</td> <td> 0.994</td> <td>-6233.227</td> <td> 6280.053</td>\n",
       "</tr>\n",
       "<tr>\n",
       "  <th>BedroomAbvGr</th>  <td>-1.102e+04</td> <td> 2043.861</td> <td>   -5.392</td> <td> 0.000</td> <td> -1.5e+04</td> <td>-7010.883</td>\n",
       "</tr>\n",
       "<tr>\n",
       "  <th>KitchenAbvGr</th>  <td>-1.133e+04</td> <td> 6344.295</td> <td>   -1.786</td> <td> 0.074</td> <td>-2.38e+04</td> <td> 1113.936</td>\n",
       "</tr>\n",
       "<tr>\n",
       "  <th>TotRmsAbvGrd</th>  <td> 5973.4093</td> <td> 1456.743</td> <td>    4.101</td> <td> 0.000</td> <td> 3115.197</td> <td> 8831.622</td>\n",
       "</tr>\n",
       "<tr>\n",
       "  <th>Fireplaces</th>    <td> 3552.6717</td> <td> 2098.438</td> <td>    1.693</td> <td> 0.091</td> <td> -564.581</td> <td> 7669.925</td>\n",
       "</tr>\n",
       "<tr>\n",
       "  <th>GarageCars</th>    <td> 1.187e+04</td> <td> 3396.804</td> <td>    3.494</td> <td> 0.000</td> <td> 5202.974</td> <td> 1.85e+04</td>\n",
       "</tr>\n",
       "<tr>\n",
       "  <th>GarageArea</th>    <td>   -4.4580</td> <td>   11.471</td> <td>   -0.389</td> <td> 0.698</td> <td>  -26.965</td> <td>   18.049</td>\n",
       "</tr>\n",
       "<tr>\n",
       "  <th>WoodDeckSF</th>    <td>   27.1088</td> <td>    9.434</td> <td>    2.874</td> <td> 0.004</td> <td>    8.600</td> <td>   45.618</td>\n",
       "</tr>\n",
       "<tr>\n",
       "  <th>OpenPorchSF</th>   <td>  -20.6027</td> <td>   18.009</td> <td>   -1.144</td> <td> 0.253</td> <td>  -55.936</td> <td>   14.731</td>\n",
       "</tr>\n",
       "<tr>\n",
       "  <th>EnclosedPorch</th> <td>    9.3737</td> <td>   19.711</td> <td>    0.476</td> <td> 0.634</td> <td>  -29.300</td> <td>   48.047</td>\n",
       "</tr>\n",
       "<tr>\n",
       "  <th>3SsnPorch</th>     <td>    2.6431</td> <td>   48.162</td> <td>    0.055</td> <td> 0.956</td> <td>  -91.853</td> <td>   97.139</td>\n",
       "</tr>\n",
       "<tr>\n",
       "  <th>ScreenPorch</th>   <td>   83.9343</td> <td>   20.994</td> <td>    3.998</td> <td> 0.000</td> <td>   42.743</td> <td>  125.126</td>\n",
       "</tr>\n",
       "<tr>\n",
       "  <th>PoolArea</th>      <td>  -70.5121</td> <td>   28.934</td> <td>   -2.437</td> <td> 0.015</td> <td> -127.283</td> <td>  -13.741</td>\n",
       "</tr>\n",
       "<tr>\n",
       "  <th>MiscVal</th>       <td>   -2.9795</td> <td>    3.486</td> <td>   -0.855</td> <td> 0.393</td> <td>   -9.820</td> <td>    3.861</td>\n",
       "</tr>\n",
       "<tr>\n",
       "  <th>MoSold</th>        <td> -198.8863</td> <td>  406.296</td> <td>   -0.490</td> <td> 0.625</td> <td> -996.062</td> <td>  598.289</td>\n",
       "</tr>\n",
       "<tr>\n",
       "  <th>YrSold</th>        <td> -830.3528</td> <td>  825.541</td> <td>   -1.006</td> <td> 0.315</td> <td>-2450.111</td> <td>  789.406</td>\n",
       "</tr>\n",
       "</table>\n",
       "<table class=\"simpletable\">\n",
       "<tr>\n",
       "  <th>Omnibus:</th>       <td>376.622</td> <th>  Durbin-Watson:     </th> <td>   1.947</td> \n",
       "</tr>\n",
       "<tr>\n",
       "  <th>Prob(Omnibus):</th> <td> 0.000</td>  <th>  Jarque-Bera (JB):  </th> <td>61690.250</td>\n",
       "</tr>\n",
       "<tr>\n",
       "  <th>Skew:</th>          <td>-0.160</td>  <th>  Prob(JB):          </th> <td>    0.00</td> \n",
       "</tr>\n",
       "<tr>\n",
       "  <th>Kurtosis:</th>      <td>38.617</td>  <th>  Cond. No.          </th> <td>1.31e+16</td> \n",
       "</tr>\n",
       "</table><br/><br/>Warnings:<br/>[1] Standard Errors assume that the covariance matrix of the errors is correctly specified.<br/>[2] The smallest eigenvalue is 1.51e-21. This might indicate that there are<br/>strong multicollinearity problems or that the design matrix is singular."
      ],
      "text/plain": [
       "<class 'statsmodels.iolib.summary.Summary'>\n",
       "\"\"\"\n",
       "                            OLS Regression Results                            \n",
       "==============================================================================\n",
       "Dep. Variable:              SalePrice   R-squared:                       0.799\n",
       "Model:                            OLS   Adj. R-squared:                  0.794\n",
       "Method:                 Least Squares   F-statistic:                     146.0\n",
       "Date:                Mon, 22 Apr 2019   Prob (F-statistic):               0.00\n",
       "Time:                        22:27:45   Log-Likelihood:                -13904.\n",
       "No. Observations:                1167   AIC:                         2.787e+04\n",
       "Df Residuals:                    1135   BIC:                         2.803e+04\n",
       "Df Model:                          31                                         \n",
       "Covariance Type:            nonrobust                                         \n",
       "=================================================================================\n",
